2371.5
2410.0
2410.0
1634.5
1634.5
1634.5
1123.0
1123.0
1123.0
582.52
582.52
582.52
456.65
456.65
456.65
239.09
239.09
239.09
103.04
103.04
103.04
81.95
81.95
81.95
64.46
64.46
64.46
73.56
73.56
73.56
75.93
75.93
75.93
89.03
89.03
89.03
83.8
83.8
83.8
60.61
60.61
60.61
68.2
68.2
68.2
93.68
93.68
93.68
114.23
114.23
114.23
156.45
156.45
156.45
137.3
137.3
137.3
138.52
138.52
138.52
105.34
105.34
105.34
53.03
53.03
53.03
30.42
30.42
30.42
28.94
28.94
28.94
36.43
36.43
36.43
60.21
60.21
60.21
87.03
87.03
87.03
116.32
116.32
116.32
110.55
110.55
110.55
80.09
80.09
80.09
45.31
45.31
45.31
33.46
33.46
33.46
27.65
27.65
27.65
26.33
26.33
26.33
39.75
39.75
39.75
47.67
47.67
47.67
43.95
43.95
43.95
37.98
37.98
37.98
43.44
43.44
43.44
41.83
41.83
41.83
33.49
33.49
33.49
46.35
46.35
46.35
86.73
86.73
86.73
86.25
86.25
86.25
58.95
58.95
58.95
44.35
44.35
44.35
48.27
48.27
48.27
27.01
27.01
27.01
29.46
29.46
29.46
51.32
51.32
51.32
64.47
64.47
64.47
58.03
58.03
58.03
53.35
53.35
53.35
54.63
54.63
54.63
53.81
53.81
53.81
94.86
94.86
94.86
75.17
75.17
75.17
82.36
82.36
82.36
105.94
105.94
105.94
114.98
114.98
114.98
114.41
114.41
114.41
45.31
45.31
45.31
25.49
25.49
25.49
24.69
24.69
24.69
29.11
29.11
29.11
33.63
33.63
33.63
44.1
44.1
44.1
46.53
46.53
46.53
42.97
42.97
42.97
54.91
54.91
54.91
79.67
79.67
79.67
78.01
78.01
78.01
59.85
59.85
59.85
63.22
63.22
63.22
78.58
78.58
78.58
73.35
73.35
73.35
43.76
43.76
43.76
44.72
44.72
44.72
43.62
43.62
43.62
52.1
52.1
52.1
63.96
63.96
63.96
74.64
74.64
74.64
96.24
96.24
96.24
117.95
117.95
117.95
115.62
115.62
115.62
97.3
97.3
97.3
105.5
105.5
105.5
116.8
116.8
116.8
108.13
108.13
108.13
94.66
94.66
94.66
93.33
93.33
93.33
92.46
92.46
92.46
112.32
112.32
112.32
106.18
106.18
106.18
88.35
88.35
88.35
74.05
74.05
74.05
47.35
47.35
47.35
57.8
57.8
57.8
93.0
93.0
93.0
75.84
75.84
75.84
84.73
84.73
84.73
86.39
86.39
86.39
76.63
76.63
76.63
88.21
88.21
88.21
82.81
82.81
82.81
53.93
53.93
53.93
54.93
54.93
54.93
78.51
78.51
78.51
71.76
71.76
71.76
56.01
56.01
56.01
108.54
108.54
108.54
118.26
118.26
118.26
83.08
83.08
83.08
39.74
39.74
39.74
36.94
36.94
36.94
47.02
47.02
47.02
42.61
42.61
42.61
58.76
58.76
58.76
52.98
52.98
52.98
43.11
43.11
43.11
44.75
44.75
44.75
43.37
43.37
43.37
40.62
40.62
40.62
36.25
36.25
36.25
29.09
29.09
29.09
23.87
23.87
23.87
23.34
23.34
23.34
26.07
26.07
26.07
22.78
22.78
22.78
19.24
19.24
19.24
22.06
22.06
22.06
25.12
25.12
25.12
21.78
21.78
21.78
17.65
17.65
17.65
20.65
20.65
20.65
26.34
26.34
26.34
24.65
24.65
24.65
16.85
16.85
16.85
15.93
15.93
15.93
20.01
20.01
20.01
16.79
16.79
16.79
16.9
16.9
16.9
20.5
20.5
20.5
20.97
20.97
20.97
21.07
21.07
21.07
16.01
16.01
16.01
13.34
13.34
13.34
15.61
15.61
15.61
13.52
13.52
13.52
13.93
13.93
13.93
11.7
11.7
11.7
14.17
14.17
14.17
14.58
14.58
14.58
14.73
14.73
14.73
18.33
18.33
18.33
20.96
20.96
20.96
20.81
20.81
20.81
21.34
21.34
21.34
21.31
21.31
21.31
20.84
20.84
20.84
20.37
20.37
20.37
15.95
15.95
15.95
14.28
14.28
14.28
13.11
13.11
13.11
14.32
14.32
14.32
15.75
15.75
15.75
25.33
25.33
25.33
30.15
30.15
30.15
30.79
30.79
30.79
44.35
44.35
44.35
79.25
79.25
79.25
80.28
80.28
80.28
71.8
71.8
71.8
43.22
43.22
43.22
22.03
22.03
22.03
20.18
20.18
20.18
21.8
21.8
21.8
21.32
21.32
21.32
18.22
18.22
18.22
23.1
23.1
23.1
23.33
23.33
23.33
27.66
27.66
27.66
51.68
51.68
51.68
55.53
55.53
55.53
39.4
39.4
39.4
27.44
27.44
27.44
28.6
28.6
28.6
18.14
18.14
18.14
17.22
17.22
17.22
16.37
16.37
16.37
16.34
16.34
16.34
15.25
15.25
15.25
19.11
19.11
19.11
22.96
22.96
22.96
33.23
33.23
33.23
28.96
28.96
28.96
25.0
25.0
25.0
14.99
14.99
14.99
18.86
18.86
18.86
33.24
33.24
33.24
32.33
32.33
32.33
23.07
23.07
23.07
26.27
26.27
26.27
34.96
34.96
34.96
19.83
19.83
19.83
18.26
18.26
18.26
15.52
15.52
15.52
15.22
15.22
15.22
13.94
13.94
13.94
15.57
15.57
15.57
16.94
16.94
16.94
17.52
17.52
17.52
19.12
19.12
19.12
22.07
22.07
22.07
30.45
30.45
30.45
33.47
33.47
33.47
26.07
26.07
26.07
27.54
27.54
27.54
25.89
25.89
25.89
18.16
18.16
18.16
15.27
15.27
15.27
13.64
13.64
13.64
13.53
13.53
13.53
13.8
13.8
13.8
14.28
14.28
14.28
17.21
17.21
17.21
20.29
20.29
20.29
25.26
25.26
25.26
31.96
31.96
31.96
33.83
33.83
33.83
31.79
31.79
31.79
37.5
37.5
37.5
36.71
36.71
36.71
33.98
33.98
33.98
26.86
26.86
26.86
21.89
21.89
21.89
26.97
26.97
26.97
34.36
34.36
34.36
31.89
31.89
31.89
27.36
27.36
27.36
31.3
31.3
31.3
40.96
40.96
40.96
65.14
65.14
65.14
68.34
68.34
68.34
35.41
35.41
35.41
19.02
19.02
19.02
14.71
14.71
14.71
12.41
12.41
12.41
12.29
12.29
12.29
12.96
12.96
12.96
14.09
14.09
14.09
16.23
16.23
16.23
15.9
15.9
15.9
19.6
19.6
19.6
25.63
25.63
25.63
25.39
25.39
25.39
28.15
28.15
28.15
30.06
30.06
30.06
26.85
26.85
26.85
22.5
22.5
22.5
23.21
23.21
23.21
25.36
25.36
25.36
24.53
24.53
24.53
22.38
22.38
22.38
23.4
23.4
23.4
24.97
24.97
24.97
21.81
21.81
21.81
22.43
22.43
22.43
25.8
25.8
25.8
26.24
26.24
26.24
27.57
27.57
27.57
22.99
22.99
22.99
17.21
17.21
17.21
14.09
14.09
14.09
12.59
12.59
12.59
11.87
11.87
11.87
11.46
11.46
11.46
11.83
11.83
11.83
11.3
11.3
11.3
12.58
12.58
12.58
17.29
17.29
17.29
23.34
23.34
23.34
24.85
24.85
24.85
19.38
19.38
19.38
22.46
22.46
22.46
35.14
35.14
35.14
24.28
24.28
24.28
26.93
26.93
26.93
24.91
24.91
24.91
21.36
21.36
21.36
26.31
26.31
26.31
30.18
30.18
30.18
28.49
28.49
28.49
26.88
26.88
26.88
34.59
34.59
34.59
45.74
45.74
45.74
62.74
62.74
62.74
68.32
68.32
68.32
121.64
121.64
121.64
105.37
105.37
105.37
93.0
93.0
93.0
133.78
133.78
133.78
169.23
169.23
169.23
137.64
137.64
137.64
133.51
133.51
133.51
100.25
100.25
100.25
79.9
79.9
79.9
90.23
90.23
90.23
103.47
103.47
103.47
71.59
71.59
71.59
57.99
57.99
57.99
56.34
56.34
56.34
88.6
88.6
88.6
93.14
93.14
93.14
130.46
130.46
130.46
89.03
89.03
89.03
42.52
42.52
42.52
38.45
38.45
38.45
41.28
41.28
41.28
36.52
36.52
36.52
44.82
44.82
44.82
45.28
45.28
45.28
35.26
35.26
35.26
27.68
27.68
27.68
24.57
24.57
24.57
47.48
47.48
47.48
28.16
28.16
28.16
23.21
23.21
23.21
19.54
19.54
19.54
19.46
19.46
19.46
20.74
20.74
20.74
19.58
19.58
19.58
19.05
19.05
19.05
21.58
21.58
21.58
24.35
24.35
24.35
23.79
23.79
23.79
24.53
24.53
24.53
28.34
28.34
28.34
27.77
27.77
27.77
21.52
21.52
21.52
22.62
22.62
22.62
18.76
18.76
18.76
16.35
16.35
16.35
13.31
13.31
13.31
11.95
11.95
11.95
10.83
10.83
10.83
13.13
13.13
13.13
19.54
19.54
19.54
20.87
20.87
20.87
32.3
32.3
32.3
28.32
28.32
28.32
27.5
27.5
27.5
24.76
24.76
24.76
20.91
20.91
20.91
19.9
19.9
19.9
24.51
24.51
24.51
24.08
24.08
24.08
20.37
20.37
20.37
26.72
26.72
26.72
34.87
34.87
34.87
30.06
30.06
30.06
25.47
25.47
25.47
15.82
15.82
15.82
14.16
14.16
14.16
13.77
13.77
13.77
12.09
12.09
12.09
11.69
11.69
11.69
15.14
15.14
15.14
20.11
20.11
20.11
23.04
23.04
23.04
25.31
25.31
25.31
30.89
30.89
30.89
28.09
28.09
28.09
19.93
19.93
19.93
17.36
17.36
17.36
14.05
14.05
14.05
13.69
13.69
13.69
21.76
21.76
21.76
21.28
21.28
21.28
22.35
22.35
22.35
19.72
19.72
19.72
16.43
16.43
16.43
17.28
17.28
17.28
17.21
17.21
17.21
15.89
15.89
15.89
15.77
15.77
15.77
18.99
18.99
18.99
22.59
22.59
22.59
18.89
18.89
18.89
21.99
21.99
21.99
28.32
28.32
28.32
26.4
26.4
26.4
22.06
22.06
22.06
27.91
27.91
27.91
36.55
36.55
36.55
37.71
37.71
37.71
37.05
37.05
37.05
31.4
31.4
31.4
35.97
35.97
35.97
43.85
43.85
43.85
35.65
35.65
35.65
24.15
24.15
24.15
18.51
18.51
18.51
13.56
13.56
13.56
12.79
12.79
12.79
13.22
13.22
13.22
26.16
26.16
26.16
70.26
70.26
70.26
56.0
56.0
56.0
22.59
22.59
22.59
18.91
18.91
18.91
18.06
18.06
18.06
18.36
18.36
18.36
17.21
17.21
17.21
15.75
15.75
15.75
14.18
14.18
14.18
14.0
14.0
14.0
12.89
12.89
12.89
12.83
12.83
12.83
13.48
13.48
13.48
14.1
14.1
14.1
15.34
15.34
15.34
18.17
18.17
18.17
14.09
14.09
14.09
13.77
13.77
13.77
15.41
15.41
15.41
15.75
15.75
15.75
19.95
19.95
19.95
18.05
18.05
18.05
18.63
18.63
18.63
18.14
18.14
18.14
15.31
15.31
15.31
15.67
15.67
15.67
20.24
20.24
20.24
15.99
15.99
15.99
14.93
14.93
14.93
19.39
19.39
19.39
25.33
25.33
25.33
24.0
24.0
24.0
23.3
23.3
23.3
25.01
25.01
25.01
23.24
23.24
23.24
21.4
21.4
21.4
17.15
17.15
17.15
15.12
15.12
15.12
16.77
16.77
16.77
17.82
17.82
17.82
15.25
15.25
15.25
14.61
14.61
14.61
17.67
17.67
17.67
18.34
18.34
18.34
16.55
16.55
16.55
16.62
16.62
16.62
19.7
19.7
19.7
19.13
19.13
19.13
15.25
15.25
15.25
15.68
15.68
15.68
16.16
16.16
16.16
14.14
14.14
14.14
13.0
13.0
13.0
13.75
13.75
13.75
13.45
13.45
13.45
12.87
12.87
12.87
14.32
14.32
14.32
17.62
17.62
17.62
20.55
20.55
20.55
21.24
21.24
21.24
25.52
25.52
25.52
24.76
24.76
24.76
18.09
18.09
18.09
19.12
19.12
19.12
23.17
23.17
23.17
29.14
29.14
29.14
35.92
35.92
35.92
30.33
30.33
30.33
27.12
27.12
27.12
32.13
32.13
32.13
53.11
53.11
53.11
39.41
39.41
39.41
36.05
36.05
36.05
46.66
46.66
46.66
46.4
46.4
46.4
93.35
93.35
93.35
66.44
66.44
66.44
50.22
50.22
50.22
44.69
44.69
44.69
47.21
47.21
47.21
41.02
41.02
41.02
60.15
60.15
60.15
51.13
51.13
51.13
130.95
130.95
130.95
307.26
307.26
307.26
462.54
462.54
462.54
302.6
302.6
302.6
214.53
214.53
214.53
343.4
343.4
343.4
524.17
524.17
524.17
292.26
292.26
292.26
162.51
162.51
162.51
128.89
128.89
128.89
137.17
137.17
137.17
146.55
146.55
146.55
150.08
150.08
150.08
160.95
160.95
160.95
202.96
202.96
202.96
263.3
263.3
263.3
468.21
468.21
468.21
792.23
792.23
792.23
